Year	Axis1	Axis2
2008	1.9140954937586	0.922230256974124
2005	1.39066088574063	0.714920066307395
2001	1.9601973241148	0.757947801495024
1998	1.86543739258066	0.614773002183952
1995	1.94214518327328	0.875804591338689
1991	1.50297729600826	0.962794479672853
1988	1.0222914256946	0.856435934824504
1983	0.264056873997471	0.536637385065699
1980	0.101983595667532	0.688568653085507
1978	0.0553902348629975	0.738252328519536
1975	0.11794448541653	0.787506864749315
1972	0.253168942389173	0.788620047438454
1970	0.265879859712671	0.726731951756879
1968	0.221321046162859	0.666407165365485
1966	0.264975409941538	0.829480298802402
1964	0.284886943497591	1.27462130250728
1961	0.320731069708936	1.26507014308469
1959	0.0939087803660763	1.0491840355151
1957	-2.27144446759007e-17	1.05172985987571
1955	0.00100095477485114	1.01722534653243
1953	0.241566347802175	0.589239372071906
1950	0.13905173603962	1.30530954785738
1948	0.146990063680683	1.2375150393162
1946	1.11054271113003	0.841738179514074
1944	1.03774631476573	0.33305978657407
1942	1.06620553978444	0.296549842413055
1939	1.2137145412472	0.450069369185784
1937	1.26876679553255	0.379461346952467
1935	0.885215123408397	0.249803609562125
1933	0.945103340914218	0.184652699478964
1931	0.827794597759531	9.60285877948737e-18
1929	0.978326096615431	0.177168730723846
1926	0.716963107895004	0.0816665342936649
1924	0.648363196492347	0.127926007968143
1922	0.462065440207608	0.133594758473028
1920	0.530788013807048	0.139903686202422
1918	0.95313920738129	1.23143722195633
1915	0.472900706885768	0.140061021192007
1913	0.587279998095599	0.194057114268601
1911	0.430231927076088	0.0880751493993493
1909	0.472286453164106	0.170763174587466
1907	0.435563537937351	0.0984852941196293
1904	0.440666945794374	0.128051646757053
1902	0.483749157377693	0.0327918521461129
1900	0.526524920152145	0.233335896047797
1898	0.458918490147267	0.115266432147257
1896	0.455923172992029	0.0508997916296359
1894	0.437381903167963	0.113004754778898
1891	0.4082088182325	0.0991552132001765
1889	0.410670529206862	0.136644917929861
1887	0.408231665469816	0.0906339186716987
1885	0.378734145668485	0.134280375273361
1883	0.529330507229539	0.487109703329872
1880	0.392098601577108	0.108963320303523
1878	0.463708497947916	0.282430275045663
1876	0.400055058333886	0.0893843241560904
1874	0.641059464572259	0.91654261250405
1872	0.387780241508281	0.121021952576749
1869	0.390237301427419	0.131980419816878
1867	0.407354223300267	0.105207097390231
1865	0.396342408063223	0.119305804279031
1863	0.494962741172253	0.338024628868109
1861	0.530811857177326	0.460493966961903
1858	0.51823114273411	0.424208285254937
1856	0.583966018338422	0.556102987801929
1854	0.514056686567817	0.295174793185725
1852	0.828366529055617	0.296313647300506
1850	0.476537496560598	0.121212639127063
1848	0.687790982773419	0.21481208568472
1845	0.648598905167577	0.167589399640558
1843	0.541591862816298	0.161288171713662
1841	0.38965833428005	0.0644987569951297
1839	0.384558579969462	0.109678578141837
1837	0.38786411490882	0.126122048882268
