Year	MAAT	TP
2008	14.64895833	71.62918339
2005	14.64895833	114.8682488
2001	14.65833333	243.0916268
1998	14.39444444	284.8524768
1995	13.975	229.81057
1991	14.26111111	315.3334192
1988	14.32166667	325.0798121
1983	13.30277778	333.9950266
1980	13.35	145.8612732
1978	12.925	361.8511857
1975	13.51944445	226.782741
1972	12.99375	221.7838918
1970	12.83125	242.0861814
1968	12.64375	274.9666357
1966	13.10833333	282.481493
1964	13.20833333	237.8263661
1961	13.775	283.0544585
1959	13.2625	178.7722063
1957	12.59375	343.1626398
1955	12.64375	242.3985402
1953	13.24722222	127.206704
1950	13.85277778	310.2201475
1948	13.53055556	269.2650583
1946	13.55555556	24.74
1944	13.73611111	22.9
1942	13.09444444	24.6
1939	12.71111111	22.87
1937	13.01388889	21.32
1935	12.85555555	25.46
1933	12.45	20.45
1931	12.49444444	20.14
1929	12.93333333	18.11
1926	13.16388889	18.78
1924	13.08055555	19.28
1922	13.10555556	17.68
1920	12.83888889	19.19
1918	12.18888889	18.82
1915	12.65	19.17
1913	12.64444444	20.48
1911	12.69166667	19.36
1909	12.75277778	18.39
1907	12.80555556	18.24
1904	12.63888889	18.22
1902	12.27777778	17.03
1900	12.86111111	16.79
1898	13.24166667	16.98
1896	12.48055556	17.98
1894	12.49722222	18.6
1891	12.14444445	18.12
1889	11.96111111	17.78
1887	12.06388889	19.01
1885	12.54722222	19.79
1883	12.44166667	18.15
1880	12.44444444	20
1878	12.70555555	12.76
1876	12.63055556	13.84
1874	12.67777778	14.45
1872	12.8	13.96
1869	12.48888889	17.12
1867	12.9	19.15
1865	12.43055555	13.14
1863	12.70277778	14.72
1861	12.85555556	11.67
1858	12.79722222	11.62
1856	12.52222222	10.73
1854	12.49166667	10.79
1852	12.65555555	9.28
1850	12.65277778	10.13
1848	12.89444444	12.27
1845	13.11111111	11
1843	12.64166667	11.24
1841	12.77222222	11.02
1839	12.62222222	10.53
1837	12.25833333	9.17
